1 1.45055
2 1.57923
3 1.66672
4 1.84343
5 1.90739
6 1.95307
7 2.01395
8 2.04354
9 2.09485
10 2.11021
11 2.1238
12 2.12946
13 2.14466
14 2.1615
15 2.16639
16 2.15037
17 2.16748
18 2.15773
19 2.1607
20 2.15542
21 2.15688
22 2.16052
23 2.16615
24 2.16485
25 2.16604
26 2.17722
27 2.17708
28 2.17799
29 2.17837
30 2.17817
31 2.1783
32 2.17923
33 2.17949
34 2.18033
35 2.18036
36 2.19096
37 2.1905
38 2.19152
39 2.19132
40 2.18925
41 2.18979
42 2.18421
43 2.18723
44 2.18728
45 2.18695
46 2.18711
47 2.18957
48 2.18919
49 2.19051
50 2.19109
51 2.18992
52 2.19047
53 2.18725
54 2.18686
55 2.18819
56 2.18834
57 2.19064
58 2.19118
59 2.19185
60 2.19063
61 2.19324
62 2.19369
63 2.19363
64 2.19224
65 2.19349
66 2.19337
67 2.19286
68 2.19301
69 2.19202
70 2.19202
71 2.1922
72 2.19002
73 2.19008
74 2.19027
75 2.1903
76 2.18954
77 2.18939
78 2.19101
79 2.19035
80 2.17835
81 2.17736
82 2.17613
83 2.17663
84 2.17771
85 2.1776
86 2.17529
87 2.17564
88 2.17569
89 2.18297
90 2.1836
91 2.18483
92 2.18347
93 2.18347
94 2.18334
95 2.18343
96 2.1811
97 2.1818
98 2.18343
99 2.18559
100 2.18572
101 2.18576
102 2.18569
103 2.18576
104 2.18567
105 2.18566
106 2.18557
107 2.18591
108 2.1857
109 2.18574
110 2.18561
111 2.18598
112 2.18687
113 2.18709
114 2.18709
115 2.18713
116 2.18713
117 2.18713
118 2.18713
119 2.18692
120 2.18703
121 2.18869
122 2.18877
123 2.19117
124 2.1923
125 2.19141
126 2.19136
127 2.19137
128 2.19137
129 2.19168
130 2.19169
131 2.1917
132 2.19183
133 2.1917
134 2.19425
135 2.19413
136 2.19396
137 2.19397
138 2.19407
139 2.19486
140 2.20323
141 2.20327
142 2.20382
143 2.20166
144 2.20232
145 2.2014
146 2.19715
147 2.20299
148 2.20324
149 2.20334
150 2.20228
151 2.20248
152 2.20209
153 2.20245
154 2.20257
155 2.20257
156 2.20247
157 2.20248
158 2.18068
159 2.18072
160 2.18075
161 2.18059
162 2.18052
163 2.18052
164 2.18121
165 2.18121
166 2.18121
167 2.18127
168 2.18081
169 2.18082
170 2.18078
171 2.18095
172 2.18095
173 2.18117
174 2.18114
175 2.17998
176 2.17998
177 2.18011
178 2.18011
179 2.1801
180 2.18033
181 2.18094
182 2.18089
183 2.18087
184 2.18087
185 2.18087
186 2.18087
187 2.20157
188 2.20157
189 2.20157
190 2.20205
191 2.20205
192 2.20195
193 2.20197
194 2.20197
195 2.20195
196 2.20195
197 2.20192
198 2.20192
199 2.19966
200 2.19974
201 2.19974
202 2.19974
203 2.19974
204 2.19981
205 2.19981
206 2.19981
207 2.20089
208 2.19582
209 2.19576
210 2.1968
211 2.19674
212 2.1968
213 2.1968
214 2.19683
215 2.19692
216 2.19703
217 2.19407
218 2.19407
219 2.19415
220 2.19485
221 2.19483
222 2.19483
223 2.19501
224 2.19545
225 2.19476
226 2.1963
227 2.19562
228 2.19702
229 2.19676
230 2.19856
231 2.19888
232 2.19893
233 2.19919
234 2.19919
235 2.1992
236 2.1992
237 2.1992
238 2.1992
239 2.19969
240 2.19962
241 2.19967
242 2.19969
243 2.19985
244 2.19985
245 2.19985
246 2.19981
247 2.19981
248 2.19982
249 2.19976
250 2.19967
251 2.19967
252 2.19907
253 2.19907
254 2.1986
255 2.1986
256 2.19862
257 2.19862
258 2.19862
259 2.19822
260 2.19822
261 2.19522
262 2.19761
263 2.19761
264 2.1979
265 2.19792
266 2.1979
267 2.19784
268 2.19784
269 2.19812
270 2.19813
271 2.19812
272 2.19813
273 2.19813
274 2.19813
275 2.19703
276 2.19703
277 2.19715
278 2.19715
279 2.19694
280 2.19694
281 2.19706
282 2.19687
283 2.19691
284 2.19712
285 2.19712
286 2.19712
287 2.19712
288 2.19711
289 2.19711
290 2.19711
291 2.1971
292 2.1979
293 2.19803
294 2.19803
295 2.19803
296 2.19708
297 2.19708
298 2.19708
299 2.19806
300 2.19806
301 2.19818
302 2.19818
303 2.19801
304 2.19808
305 2.19804
306 2.19804
307 2.19817
308 2.19817
309 2.19866
310 2.19867
311 2.19867
312 2.19867
313 2.19866
314 2.19826
315 2.19826
316 2.19717
317 2.19815
318 2.19815
319 2.1978
320 2.19394
321 2.19576
322 2.19576
323 2.19573
324 2.19615
325 2.19616
326 2.19766
327 2.19766
328 2.19766
329 2.19766
330 2.19767
331 2.19766
332 2.19766
333 2.19766
334 2.19766
335 2.19772
336 2.19772
337 2.19772
338 2.19772
339 2.19772
340 2.19772
341 2.19531
342 2.19536
343 2.19537
344 2.19537
345 2.19537
346 2.19515
347 2.19515
348 2.19515
349 2.19515
350 2.19738
351 2.19796
352 2.19797
353 2.19797
354 2.19784
355 2.19787
356 2.19787
357 2.19787
358 2.19787
359 2.1979
360 2.19441
361 2.19585
362 2.19502
363 2.19502
364 2.19502
365 2.19483
366 2.19441
367 2.19441
368 2.19476
369 2.19476
370 2.19476
371 2.19476
372 2.19476
373 2.19333
374 2.19185
375 2.18967
376 2.19169
377 2.19174
378 2.19174
379 2.17552
380 2.17552
381 2.18143
382 2.18233
383 2.18233
384 2.18233
385 2.18234
386 2.18239
387 2.18239
388 2.17403
389 2.17402
390 2.17402
391 2.17402
392 2.172
393 2.17189
394 2.179
395 2.18256
396 2.1872
397 2.18719
398 2.18719
399 2.18716
400 2.18725
401 2.18723
402 2.18723
403 2.18723
404 2.18678
405 2.18678
406 2.18678
407 2.18691
408 2.18715
409 2.18587
410 2.1858
411 2.18656
412 2.18924
413 2.18924
414 2.18924
415 2.18917
416 2.18957
417 2.18957
418 2.18957
419 2.1896
420 2.1896
421 2.18967
422 2.18973
423 2.18973
424 2.18973
425 2.1897
426 2.1897
427 2.18962
428 2.19066
429 2.19067
430 2.19067
431 2.19068
432 2.19069
433 2.19069
434 2.19069
435 2.19069
436 2.19069
437 2.19053
438 2.19171
439 2.19171
440 2.19171
441 2.19171
442 2.19178
443 2.19178
444 2.19178
445 2.19174
446 2.19157
447 2.19174
448 2.19174
449 2.19176
450 2.19196
451 2.19114
452 2.19114
453 2.19114
454 2.19114
455 2.19114
456 2.19258
457 2.19258
458 2.19258
459 2.19258
460 2.19258
461 2.19256
462 2.19256
463 2.19256
464 2.19256
465 2.19258
466 2.19266
467 2.19266
468 2.19266
469 2.19267
470 2.19252
471 2.19244
472 2.19244
473 2.19244
474 2.19249
475 2.19249
476 2.19249
477 2.19249
478 2.19249
479 2.19249
480 2.19257
481 2.19257
482 2.19258
483 2.19258
484 2.19258
485 2.19266
486 2.19189
487 2.19189
488 2.19275
489 2.19275
490 2.19274
491 2.19274
492 2.19275
493 2.19275
494 2.19275
495 2.19275
496 2.19275
497 2.19275
498 2.19222
499 2.19218
500 2.19218
